45
5915587277
1500450271
5915587277
3267000013
5915587277
5754853343
5915587277
4093082899
5915587277
9576890767
5915587277
3628273133
5915587277
2860486313
5915587277
5463458053
5915587277
3367900313
1500450271
3267000013
1500450271
5754853343
1500450271
4093082899
1500450271
9576890767
1500450271
3628273133
1500450271
2860486313
1500450271
5463458053
1500450271
3367900313
3267000013
5754853343
3267000013
4093082899
3267000013
9576890767
3267000013
3628273133
3267000013
2860486313
3267000013
5463458053
3267000013
3367900313
5754853343
4093082899
5754853343
9576890767
5754853343
3628273133
5754853343
2860486313
5754853343
5463458053
5754853343
3367900313
4093082899
9576890767
4093082899
3628273133
4093082899
2860486313
4093082899
5463458053
4093082899
3367900313
9576890767
3628273133
9576890767
2860486313
9576890767
5463458053
9576890767
3367900313
3628273133
2860486313
3628273133
5463458053
3628273133
3367900313
2860486313
5463458053
2860486313
3367900313
5463458053
3367900313
