190
622288097498926496141095869268883999563096063592498055290461
610692533270508750441931226384209856405876657993997547171387
622288097498926496141095869268883999563096063592498055290461
668486051696691190102895306426999370394054817506916629001851
622288097498926496141095869268883999563096063592498055290461
313539589974026666385010319707341761012894704055733952484113
622288097498926496141095869268883999563096063592498055290461
470287785858076441566723507866751092927015824834881906763507
622288097498926496141095869268883999563096063592498055290461
361720912810755408215708460645842859722715865206816237944587
622288097498926496141095869268883999563096063592498055290461
378348910233465647859184421334615532543749747185321634086219
622288097498926496141095869268883999563096063592498055290461
669483106578092405936560831017556154622901950048903016651289
622288097498926496141095869268883999563096063592498055290461
351300033958683656629281197430236951045077917074227778834807
622288097498926496141095869268883999563096063592498055290461
511704374946917490638851104912462284144240813125071454126151
622288097498926496141095869268883999563096063592498055290461
18532395500947174450709383384936679868383424444311405679463280782405796233163977
622288097498926496141095869268883999563096063592498055290461
39688644836832882526173831577536117815818454437810437210221644553381995813014959
622288097498926496141095869268883999563096063592498055290461
44822481511601066098713481453161748979849764719554039096395688045048053310178487
622288097498926496141095869268883999563096063592498055290461
54875133386847519273109693154204970395475080920935355580245252923343305939004903
622288097498926496141095869268883999563096063592498055290461
40979218404449071854385509743772465043384063785613460568705289173181846900181503
622288097498926496141095869268883999563096063592498055290461
56181069873486948735852120493417527485226565150317825065106074926567306630125961
622288097498926496141095869268883999563096063592498055290461
19469495355310348270990592580191998639221450743640952620236903851789700309402857
622288097498926496141095869268883999563096063592498055290461
34263233064835421125264776608163440537925705997962346596977803462033841059628723
622288097498926496141095869268883999563096063592498055290461
14759984361802021245410475928101669395348791811705709117374129427051861355011151
622288097498926496141095869268883999563096063592498055290461
67120333368520272532940669112228025474970578938046280618394371551488988323794243
610692533270508750441931226384209856405876657993997547171387
668486051696691190102895306426999370394054817506916629001851
610692533270508750441931226384209856405876657993997547171387
313539589974026666385010319707341761012894704055733952484113
610692533270508750441931226384209856405876657993997547171387
470287785858076441566723507866751092927015824834881906763507
610692533270508750441931226384209856405876657993997547171387
361720912810755408215708460645842859722715865206816237944587
610692533270508750441931226384209856405876657993997547171387
378348910233465647859184421334615532543749747185321634086219
610692533270508750441931226384209856405876657993997547171387
669483106578092405936560831017556154622901950048903016651289
610692533270508750441931226384209856405876657993997547171387
351300033958683656629281197430236951045077917074227778834807
610692533270508750441931226384209856405876657993997547171387
511704374946917490638851104912462284144240813125071454126151
610692533270508750441931226384209856405876657993997547171387
18532395500947174450709383384936679868383424444311405679463280782405796233163977
610692533270508750441931226384209856405876657993997547171387
39688644836832882526173831577536117815818454437810437210221644553381995813014959
610692533270508750441931226384209856405876657993997547171387
44822481511601066098713481453161748979849764719554039096395688045048053310178487
610692533270508750441931226384209856405876657993997547171387
54875133386847519273109693154204970395475080920935355580245252923343305939004903
610692533270508750441931226384209856405876657993997547171387
40979218404449071854385509743772465043384063785613460568705289173181846900181503
610692533270508750441931226384209856405876657993997547171387
56181069873486948735852120493417527485226565150317825065106074926567306630125961
610692533270508750441931226384209856405876657993997547171387
19469495355310348270990592580191998639221450743640952620236903851789700309402857
610692533270508750441931226384209856405876657993997547171387
34263233064835421125264776608163440537925705997962346596977803462033841059628723
610692533270508750441931226384209856405876657993997547171387
14759984361802021245410475928101669395348791811705709117374129427051861355011151
610692533270508750441931226384209856405876657993997547171387
67120333368520272532940669112228025474970578938046280618394371551488988323794243
668486051696691190102895306426999370394054817506916629001851
313539589974026666385010319707341761012894704055733952484113
668486051696691190102895306426999370394054817506916629001851
470287785858076441566723507866751092927015824834881906763507
668486051696691190102895306426999370394054817506916629001851
361720912810755408215708460645842859722715865206816237944587
668486051696691190102895306426999370394054817506916629001851
378348910233465647859184421334615532543749747185321634086219
668486051696691190102895306426999370394054817506916629001851
669483106578092405936560831017556154622901950048903016651289
668486051696691190102895306426999370394054817506916629001851
351300033958683656629281197430236951045077917074227778834807
668486051696691190102895306426999370394054817506916629001851
511704374946917490638851104912462284144240813125071454126151
668486051696691190102895306426999370394054817506916629001851
18532395500947174450709383384936679868383424444311405679463280782405796233163977
668486051696691190102895306426999370394054817506916629001851
39688644836832882526173831577536117815818454437810437210221644553381995813014959
668486051696691190102895306426999370394054817506916629001851
44822481511601066098713481453161748979849764719554039096395688045048053310178487
668486051696691190102895306426999370394054817506916629001851
54875133386847519273109693154204970395475080920935355580245252923343305939004903
668486051696691190102895306426999370394054817506916629001851
40979218404449071854385509743772465043384063785613460568705289173181846900181503
668486051696691190102895306426999370394054817506916629001851
56181069873486948735852120493417527485226565150317825065106074926567306630125961
668486051696691190102895306426999370394054817506916629001851
19469495355310348270990592580191998639221450743640952620236903851789700309402857
668486051696691190102895306426999370394054817506916629001851
34263233064835421125264776608163440537925705997962346596977803462033841059628723
668486051696691190102895306426999370394054817506916629001851
14759984361802021245410475928101669395348791811705709117374129427051861355011151
668486051696691190102895306426999370394054817506916629001851
67120333368520272532940669112228025474970578938046280618394371551488988323794243
313539589974026666385010319707341761012894704055733952484113
470287785858076441566723507866751092927015824834881906763507
313539589974026666385010319707341761012894704055733952484113
361720912810755408215708460645842859722715865206816237944587
313539589974026666385010319707341761012894704055733952484113
378348910233465647859184421334615532543749747185321634086219
313539589974026666385010319707341761012894704055733952484113
669483106578092405936560831017556154622901950048903016651289
313539589974026666385010319707341761012894704055733952484113
351300033958683656629281197430236951045077917074227778834807
313539589974026666385010319707341761012894704055733952484113
511704374946917490638851104912462284144240813125071454126151
313539589974026666385010319707341761012894704055733952484113
18532395500947174450709383384936679868383424444311405679463280782405796233163977
313539589974026666385010319707341761012894704055733952484113
39688644836832882526173831577536117815818454437810437210221644553381995813014959
313539589974026666385010319707341761012894704055733952484113
44822481511601066098713481453161748979849764719554039096395688045048053310178487
313539589974026666385010319707341761012894704055733952484113
54875133386847519273109693154204970395475080920935355580245252923343305939004903
313539589974026666385010319707341761012894704055733952484113
40979218404449071854385509743772465043384063785613460568705289173181846900181503
313539589974026666385010319707341761012894704055733952484113
56181069873486948735852120493417527485226565150317825065106074926567306630125961
313539589974026666385010319707341761012894704055733952484113
19469495355310348270990592580191998639221450743640952620236903851789700309402857
313539589974026666385010319707341761012894704055733952484113
34263233064835421125264776608163440537925705997962346596977803462033841059628723
313539589974026666385010319707341761012894704055733952484113
14759984361802021245410475928101669395348791811705709117374129427051861355011151
313539589974026666385010319707341761012894704055733952484113
67120333368520272532940669112228025474970578938046280618394371551488988323794243
470287785858076441566723507866751092927015824834881906763507
361720912810755408215708460645842859722715865206816237944587
470287785858076441566723507866751092927015824834881906763507
378348910233465647859184421334615532543749747185321634086219
470287785858076441566723507866751092927015824834881906763507
669483106578092405936560831017556154622901950048903016651289
470287785858076441566723507866751092927015824834881906763507
351300033958683656629281197430236951045077917074227778834807
470287785858076441566723507866751092927015824834881906763507
511704374946917490638851104912462284144240813125071454126151
470287785858076441566723507866751092927015824834881906763507
18532395500947174450709383384936679868383424444311405679463280782405796233163977
470287785858076441566723507866751092927015824834881906763507
39688644836832882526173831577536117815818454437810437210221644553381995813014959
470287785858076441566723507866751092927015824834881906763507
44822481511601066098713481453161748979849764719554039096395688045048053310178487
470287785858076441566723507866751092927015824834881906763507
54875133386847519273109693154204970395475080920935355580245252923343305939004903
470287785858076441566723507866751092927015824834881906763507
40979218404449071854385509743772465043384063785613460568705289173181846900181503
470287785858076441566723507866751092927015824834881906763507
56181069873486948735852120493417527485226565150317825065106074926567306630125961
470287785858076441566723507866751092927015824834881906763507
19469495355310348270990592580191998639221450743640952620236903851789700309402857
470287785858076441566723507866751092927015824834881906763507
34263233064835421125264776608163440537925705997962346596977803462033841059628723
470287785858076441566723507866751092927015824834881906763507
14759984361802021245410475928101669395348791811705709117374129427051861355011151
470287785858076441566723507866751092927015824834881906763507
67120333368520272532940669112228025474970578938046280618394371551488988323794243
361720912810755408215708460645842859722715865206816237944587
378348910233465647859184421334615532543749747185321634086219
361720912810755408215708460645842859722715865206816237944587
669483106578092405936560831017556154622901950048903016651289
361720912810755408215708460645842859722715865206816237944587
351300033958683656629281197430236951045077917074227778834807
361720912810755408215708460645842859722715865206816237944587
511704374946917490638851104912462284144240813125071454126151
361720912810755408215708460645842859722715865206816237944587
18532395500947174450709383384936679868383424444311405679463280782405796233163977
361720912810755408215708460645842859722715865206816237944587
39688644836832882526173831577536117815818454437810437210221644553381995813014959
361720912810755408215708460645842859722715865206816237944587
44822481511601066098713481453161748979849764719554039096395688045048053310178487
361720912810755408215708460645842859722715865206816237944587
54875133386847519273109693154204970395475080920935355580245252923343305939004903
361720912810755408215708460645842859722715865206816237944587
40979218404449071854385509743772465043384063785613460568705289173181846900181503
361720912810755408215708460645842859722715865206816237944587
56181069873486948735852120493417527485226565150317825065106074926567306630125961
361720912810755408215708460645842859722715865206816237944587
19469495355310348270990592580191998639221450743640952620236903851789700309402857
361720912810755408215708460645842859722715865206816237944587
34263233064835421125264776608163440537925705997962346596977803462033841059628723
361720912810755408215708460645842859722715865206816237944587
14759984361802021245410475928101669395348791811705709117374129427051861355011151
361720912810755408215708460645842859722715865206816237944587
67120333368520272532940669112228025474970578938046280618394371551488988323794243
378348910233465647859184421334615532543749747185321634086219
669483106578092405936560831017556154622901950048903016651289
378348910233465647859184421334615532543749747185321634086219
351300033958683656629281197430236951045077917074227778834807
378348910233465647859184421334615532543749747185321634086219
511704374946917490638851104912462284144240813125071454126151
378348910233465647859184421334615532543749747185321634086219
18532395500947174450709383384936679868383424444311405679463280782405796233163977
378348910233465647859184421334615532543749747185321634086219
39688644836832882526173831577536117815818454437810437210221644553381995813014959
378348910233465647859184421334615532543749747185321634086219
44822481511601066098713481453161748979849764719554039096395688045048053310178487
378348910233465647859184421334615532543749747185321634086219
54875133386847519273109693154204970395475080920935355580245252923343305939004903
378348910233465647859184421334615532543749747185321634086219
40979218404449071854385509743772465043384063785613460568705289173181846900181503
378348910233465647859184421334615532543749747185321634086219
56181069873486948735852120493417527485226565150317825065106074926567306630125961
378348910233465647859184421334615532543749747185321634086219
19469495355310348270990592580191998639221450743640952620236903851789700309402857
378348910233465647859184421334615532543749747185321634086219
34263233064835421125264776608163440537925705997962346596977803462033841059628723
378348910233465647859184421334615532543749747185321634086219
14759984361802021245410475928101669395348791811705709117374129427051861355011151
378348910233465647859184421334615532543749747185321634086219
67120333368520272532940669112228025474970578938046280618394371551488988323794243
669483106578092405936560831017556154622901950048903016651289
351300033958683656629281197430236951045077917074227778834807
669483106578092405936560831017556154622901950048903016651289
511704374946917490638851104912462284144240813125071454126151
669483106578092405936560831017556154622901950048903016651289
18532395500947174450709383384936679868383424444311405679463280782405796233163977
669483106578092405936560831017556154622901950048903016651289
39688644836832882526173831577536117815818454437810437210221644553381995813014959
669483106578092405936560831017556154622901950048903016651289
44822481511601066098713481453161748979849764719554039096395688045048053310178487
669483106578092405936560831017556154622901950048903016651289
54875133386847519273109693154204970395475080920935355580245252923343305939004903
669483106578092405936560831017556154622901950048903016651289
40979218404449071854385509743772465043384063785613460568705289173181846900181503
669483106578092405936560831017556154622901950048903016651289
56181069873486948735852120493417527485226565150317825065106074926567306630125961
669483106578092405936560831017556154622901950048903016651289
19469495355310348270990592580191998639221450743640952620236903851789700309402857
669483106578092405936560831017556154622901950048903016651289
34263233064835421125264776608163440537925705997962346596977803462033841059628723
669483106578092405936560831017556154622901950048903016651289
14759984361802021245410475928101669395348791811705709117374129427051861355011151
669483106578092405936560831017556154622901950048903016651289
67120333368520272532940669112228025474970578938046280618394371551488988323794243
351300033958683656629281197430236951045077917074227778834807
511704374946917490638851104912462284144240813125071454126151
351300033958683656629281197430236951045077917074227778834807
18532395500947174450709383384936679868383424444311405679463280782405796233163977
351300033958683656629281197430236951045077917074227778834807
39688644836832882526173831577536117815818454437810437210221644553381995813014959
351300033958683656629281197430236951045077917074227778834807
44822481511601066098713481453161748979849764719554039096395688045048053310178487
351300033958683656629281197430236951045077917074227778834807
54875133386847519273109693154204970395475080920935355580245252923343305939004903
351300033958683656629281197430236951045077917074227778834807
40979218404449071854385509743772465043384063785613460568705289173181846900181503
351300033958683656629281197430236951045077917074227778834807
56181069873486948735852120493417527485226565150317825065106074926567306630125961
351300033958683656629281197430236951045077917074227778834807
19469495355310348270990592580191998639221450743640952620236903851789700309402857
351300033958683656629281197430236951045077917074227778834807
34263233064835421125264776608163440537925705997962346596977803462033841059628723
351300033958683656629281197430236951045077917074227778834807
14759984361802021245410475928101669395348791811705709117374129427051861355011151
351300033958683656629281197430236951045077917074227778834807
67120333368520272532940669112228025474970578938046280618394371551488988323794243
511704374946917490638851104912462284144240813125071454126151
18532395500947174450709383384936679868383424444311405679463280782405796233163977
511704374946917490638851104912462284144240813125071454126151
39688644836832882526173831577536117815818454437810437210221644553381995813014959
511704374946917490638851104912462284144240813125071454126151
44822481511601066098713481453161748979849764719554039096395688045048053310178487
511704374946917490638851104912462284144240813125071454126151
54875133386847519273109693154204970395475080920935355580245252923343305939004903
511704374946917490638851104912462284144240813125071454126151
40979218404449071854385509743772465043384063785613460568705289173181846900181503
511704374946917490638851104912462284144240813125071454126151
56181069873486948735852120493417527485226565150317825065106074926567306630125961
511704374946917490638851104912462284144240813125071454126151
19469495355310348270990592580191998639221450743640952620236903851789700309402857
511704374946917490638851104912462284144240813125071454126151
34263233064835421125264776608163440537925705997962346596977803462033841059628723
511704374946917490638851104912462284144240813125071454126151
14759984361802021245410475928101669395348791811705709117374129427051861355011151
511704374946917490638851104912462284144240813125071454126151
67120333368520272532940669112228025474970578938046280618394371551488988323794243
18532395500947174450709383384936679868383424444311405679463280782405796233163977
39688644836832882526173831577536117815818454437810437210221644553381995813014959
18532395500947174450709383384936679868383424444311405679463280782405796233163977
44822481511601066098713481453161748979849764719554039096395688045048053310178487
18532395500947174450709383384936679868383424444311405679463280782405796233163977
54875133386847519273109693154204970395475080920935355580245252923343305939004903
18532395500947174450709383384936679868383424444311405679463280782405796233163977
40979218404449071854385509743772465043384063785613460568705289173181846900181503
18532395500947174450709383384936679868383424444311405679463280782405796233163977
56181069873486948735852120493417527485226565150317825065106074926567306630125961
18532395500947174450709383384936679868383424444311405679463280782405796233163977
19469495355310348270990592580191998639221450743640952620236903851789700309402857
18532395500947174450709383384936679868383424444311405679463280782405796233163977
34263233064835421125264776608163440537925705997962346596977803462033841059628723
18532395500947174450709383384936679868383424444311405679463280782405796233163977
14759984361802021245410475928101669395348791811705709117374129427051861355011151
18532395500947174450709383384936679868383424444311405679463280782405796233163977
67120333368520272532940669112228025474970578938046280618394371551488988323794243
39688644836832882526173831577536117815818454437810437210221644553381995813014959
44822481511601066098713481453161748979849764719554039096395688045048053310178487
39688644836832882526173831577536117815818454437810437210221644553381995813014959
54875133386847519273109693154204970395475080920935355580245252923343305939004903
39688644836832882526173831577536117815818454437810437210221644553381995813014959
40979218404449071854385509743772465043384063785613460568705289173181846900181503
39688644836832882526173831577536117815818454437810437210221644553381995813014959
56181069873486948735852120493417527485226565150317825065106074926567306630125961
39688644836832882526173831577536117815818454437810437210221644553381995813014959
19469495355310348270990592580191998639221450743640952620236903851789700309402857
39688644836832882526173831577536117815818454437810437210221644553381995813014959
34263233064835421125264776608163440537925705997962346596977803462033841059628723
39688644836832882526173831577536117815818454437810437210221644553381995813014959
14759984361802021245410475928101669395348791811705709117374129427051861355011151
39688644836832882526173831577536117815818454437810437210221644553381995813014959
67120333368520272532940669112228025474970578938046280618394371551488988323794243
44822481511601066098713481453161748979849764719554039096395688045048053310178487
54875133386847519273109693154204970395475080920935355580245252923343305939004903
44822481511601066098713481453161748979849764719554039096395688045048053310178487
40979218404449071854385509743772465043384063785613460568705289173181846900181503
44822481511601066098713481453161748979849764719554039096395688045048053310178487
56181069873486948735852120493417527485226565150317825065106074926567306630125961
44822481511601066098713481453161748979849764719554039096395688045048053310178487
19469495355310348270990592580191998639221450743640952620236903851789700309402857
44822481511601066098713481453161748979849764719554039096395688045048053310178487
34263233064835421125264776608163440537925705997962346596977803462033841059628723
44822481511601066098713481453161748979849764719554039096395688045048053310178487
14759984361802021245410475928101669395348791811705709117374129427051861355011151
44822481511601066098713481453161748979849764719554039096395688045048053310178487
67120333368520272532940669112228025474970578938046280618394371551488988323794243
54875133386847519273109693154204970395475080920935355580245252923343305939004903
40979218404449071854385509743772465043384063785613460568705289173181846900181503
54875133386847519273109693154204970395475080920935355580245252923343305939004903
56181069873486948735852120493417527485226565150317825065106074926567306630125961
54875133386847519273109693154204970395475080920935355580245252923343305939004903
19469495355310348270990592580191998639221450743640952620236903851789700309402857
54875133386847519273109693154204970395475080920935355580245252923343305939004903
34263233064835421125264776608163440537925705997962346596977803462033841059628723
54875133386847519273109693154204970395475080920935355580245252923343305939004903
14759984361802021245410475928101669395348791811705709117374129427051861355011151
54875133386847519273109693154204970395475080920935355580245252923343305939004903
67120333368520272532940669112228025474970578938046280618394371551488988323794243
40979218404449071854385509743772465043384063785613460568705289173181846900181503
56181069873486948735852120493417527485226565150317825065106074926567306630125961
40979218404449071854385509743772465043384063785613460568705289173181846900181503
19469495355310348270990592580191998639221450743640952620236903851789700309402857
40979218404449071854385509743772465043384063785613460568705289173181846900181503
34263233064835421125264776608163440537925705997962346596977803462033841059628723
40979218404449071854385509743772465043384063785613460568705289173181846900181503
14759984361802021245410475928101669395348791811705709117374129427051861355011151
40979218404449071854385509743772465043384063785613460568705289173181846900181503
67120333368520272532940669112228025474970578938046280618394371551488988323794243
56181069873486948735852120493417527485226565150317825065106074926567306630125961
19469495355310348270990592580191998639221450743640952620236903851789700309402857
56181069873486948735852120493417527485226565150317825065106074926567306630125961
34263233064835421125264776608163440537925705997962346596977803462033841059628723
56181069873486948735852120493417527485226565150317825065106074926567306630125961
14759984361802021245410475928101669395348791811705709117374129427051861355011151
56181069873486948735852120493417527485226565150317825065106074926567306630125961
67120333368520272532940669112228025474970578938046280618394371551488988323794243
19469495355310348270990592580191998639221450743640952620236903851789700309402857
34263233064835421125264776608163440537925705997962346596977803462033841059628723
19469495355310348270990592580191998639221450743640952620236903851789700309402857
14759984361802021245410475928101669395348791811705709117374129427051861355011151
19469495355310348270990592580191998639221450743640952620236903851789700309402857
67120333368520272532940669112228025474970578938046280618394371551488988323794243
34263233064835421125264776608163440537925705997962346596977803462033841059628723
14759984361802021245410475928101669395348791811705709117374129427051861355011151
34263233064835421125264776608163440537925705997962346596977803462033841059628723
67120333368520272532940669112228025474970578938046280618394371551488988323794243
14759984361802021245410475928101669395348791811705709117374129427051861355011151
67120333368520272532940669112228025474970578938046280618394371551488988323794243
